0 0.868391 0.102064 0.024747 0.046636
0 0.439258 0.117355 0.059618 0.098624
0 0.243532 0.089067 0.023622 0.052752
0 0.867267 0.482416 0.058493 0.064220
0 0.447694 0.499618 0.058493 0.049694
0 0.141170 0.495031 0.066367 0.112385
0 0.762655 0.625000 0.026997 0.064985
0 0.147357 0.640291 0.029246 0.115443
0 0.703600 0.766437 0.077615 0.087920
0 0.584364 0.823394 0.061867 0.062691
0 0.302025 0.773318 0.037120 0.087920
0 0.165917 0.115443 0.023622 0.084098
0 0.801462 0.512232 0.023622 0.027523
0 0.242970 0.776758 0.035996 0.071865
