0 0.833521 0.126529 0.065242 0.084862
0 0.684477 0.095948 0.028121 0.068043
0 0.480877 0.152905 0.097863 0.102446
0 0.340270 0.113532 0.095613 0.098624
0 0.509561 0.439602 0.096738 0.114679
0 0.352081 0.443425 0.096738 0.067278
0 0.234533 0.403287 0.023622 0.068043
0 0.838583 0.567278 0.059618 0.058104
0 0.736220 0.574541 0.052868 0.048165
0 0.352081 0.561162 0.087739 0.088685
0 0.884702 0.724006 0.057368 0.047401
0 0.615298 0.733563 0.022497 0.031346
0 0.547244 0.767584 0.057368 0.103976
0 0.453318 0.825306 0.056243 0.104740
0 0.152418 0.540902 0.025872 0.049694
