0 0.466817 0.107034 0.123735 0.091743
0 0.351519 0.125765 0.057368 0.074159
0 0.141170 0.113914 0.057368 0.074924
0 0.889764 0.485092 0.038245 0.060398
0 0.791901 0.498853 0.058493 0.087920
0 0.722160 0.494266 0.024747 0.072630
0 0.467379 0.370413 0.023622 0.090979
0 0.408886 0.367737 0.025872 0.048930
0 0.233408 0.366208 0.093363 0.068807
0 0.877953 0.674694 0.055118 0.139908
0 0.839145 0.857034 0.026997 0.084098
0 0.754781 0.864679 0.071991 0.082569
0 0.564679 0.702599 0.182227 0.128440
0 0.382452 0.668578 0.029246 0.129205
0 0.132171 0.683104 0.100112 0.130734
