0 0.619235 0.195719 0.059618 0.047401
0 0.467942 0.086774 0.033746 0.083333
0 0.316085 0.085627 0.170979 0.084098
0 0.136670 0.089450 0.057368 0.055046
0 0.911136 0.387232 0.022497 0.049694
0 0.732846 0.391820 0.034871 0.100153
0 0.401575 0.482798 0.026997 0.046636
0 0.118673 0.442661 0.057368 0.076453
0 0.883015 0.622324 0.056243 0.090214
0 0.631609 0.610092 0.136108 0.068807
0 0.895388 0.819190 0.062992 0.069572
0 0.624859 0.849388 0.066367 0.099388
0 0.435321 0.637997 0.157480 0.120031
0 0.517998 0.787844 0.055118 0.078746
0 0.466254 0.904052 0.059618 0.060398
0 0.271091 0.741590 0.076490 0.044343
0 0.146232 0.802370 0.024747 0.071101
