0 0.867553 0.144437 0.115957 0.147646
0 0.524468 0.129101 0.144681 0.114123
0 0.148404 0.127318 0.090426 0.097718
0 0.882447 0.340942 0.098936 0.124108
0 0.564894 0.348074 0.163830 0.125535
0 0.863830 0.508559 0.144681 0.112696
0 0.520213 0.485021 0.053191 0.078459
0 0.271809 0.332739 0.113830 0.096291
0 0.109043 0.348787 0.032979 0.068474
0 0.871809 0.661555 0.113830 0.111983
0 0.695745 0.643010 0.025532 0.067760
0 0.582979 0.662268 0.082979 0.113409
0 0.145213 0.670471 0.088298 0.106990
0 0.600532 0.827033 0.054255 0.053495
0 0.130319 0.857347 0.086170 0.114123
