0 0.917021 0.120899 0.021277 0.066334
0 0.736170 0.109130 0.021277 0.054208
0 0.593085 0.120185 0.026596 0.063481
0 0.417553 0.267832 0.022340 0.050642
0 0.301064 0.241084 0.129787 0.125535
0 0.895745 0.379458 0.089362 0.099857
0 0.745213 0.380884 0.118085 0.105563
0 0.591489 0.604137 0.055319 0.065621
0 0.463830 0.609130 0.087234 0.112696
0 0.138298 0.614836 0.085106 0.097004
0 0.907979 0.751070 0.041489 0.077033
0 0.622872 0.889444 0.037234 0.112696
0 0.509043 0.767832 0.086170 0.113409
0 0.335638 0.739301 0.058511 0.050642
0 0.167021 0.768188 0.148936 0.105563
0 0.307979 0.338802 0.167021 0.024251
0 0.185106 0.367332 0.148936 0.022825
0 0.427128 0.368046 0.147872 0.021398
0 0.161702 0.396220 0.061702 0.019258
0 0.161702 0.425107 0.061702 0.018545
0 0.163830 0.453281 0.063830 0.017832
0 0.161170 0.481812 0.062766 0.019258
0 0.161702 0.509986 0.061702 0.019971
0 0.431383 0.396220 0.062766 0.019258
0 0.430319 0.425107 0.060638 0.018545
0 0.430319 0.453638 0.064894 0.018545
0 0.429787 0.483238 0.063830 0.019258
0 0.428723 0.511056 0.061702 0.019258
