0 0.845213 0.141583 0.118085 0.111983
0 0.623936 0.136947 0.128723 0.099857
0 0.477128 0.145863 0.056383 0.072040
0 0.109574 0.154779 0.055319 0.088445
0 0.492553 0.291726 0.029787 0.038516
0 0.132979 0.337019 0.127660 0.130528
0 0.876596 0.472896 0.036170 0.077033
0 0.617021 0.473252 0.142553 0.093438
0 0.361702 0.468616 0.029787 0.067047
0 0.082447 0.457561 0.015957 0.050642
0 0.845213 0.728959 0.115957 0.109843
0 0.642553 0.715050 0.114894 0.079173
0 0.484574 0.726819 0.143617 0.116976
0 0.528191 0.874108 0.039362 0.097718
