0 0.863830 0.129458 0.117021 0.099144
0 0.540957 0.122325 0.054255 0.083452
0 0.460638 0.119116 0.023404 0.081312
0 0.111170 0.143010 0.043617 0.127675
0 0.888298 0.310628 0.053191 0.079173
0 0.663830 0.335949 0.117021 0.128388
0 0.540426 0.331312 0.068085 0.123395
0 0.109574 0.323110 0.057447 0.104137
0 0.533511 0.472539 0.088298 0.116262
0 0.103723 0.457204 0.050000 0.067047
0 0.921809 0.613053 0.041489 0.052068
0 0.677128 0.616619 0.045745 0.052068
0 0.595213 0.634451 0.043617 0.111983
0 0.121809 0.636591 0.067021 0.099144
0 0.592553 0.815977 0.038298 0.041369
0 0.120745 0.817404 0.037234 0.039943
