0 0.703191 0.166904 0.185106 0.145506
0 0.532979 0.165121 0.114894 0.137660
0 0.283511 0.122325 0.028723 0.039230
0 0.555319 0.344151 0.036170 0.129101
0 0.849468 0.509272 0.141489 0.129815
0 0.563830 0.464337 0.044681 0.042796
0 0.442021 0.504636 0.101064 0.139087
0 0.151064 0.477532 0.114894 0.086305
0 0.844681 0.717903 0.174468 0.116262
0 0.905851 0.829886 0.050000 0.032097
0 0.634574 0.751070 0.047872 0.064194
0 0.544681 0.720756 0.027660 0.116262
0 0.339362 0.696148 0.027660 0.067047
0 0.118617 0.772825 0.028723 0.050642
0 0.500532 0.891583 0.126596 0.115549
0 0.132447 0.891583 0.052128 0.116976
