0 0.876596 0.142297 0.082979 0.117689
0 0.646809 0.111270 0.121277 0.058488
0 0.115426 0.128031 0.054255 0.082026
0 0.813830 0.424750 0.174468 0.130528
0 0.176596 0.424394 0.140426 0.129815
0 0.885106 0.585235 0.061702 0.133381
0 0.755851 0.599144 0.113830 0.158345
0 0.597340 0.595221 0.118085 0.151926
0 0.115426 0.572753 0.054255 0.074180
0 0.623936 0.745720 0.064894 0.090585
0 0.452660 0.738231 0.054255 0.071327
0 0.329255 0.746434 0.103191 0.099144
0 0.131383 0.736805 0.054255 0.072753
0 0.761170 0.879458 0.094681 0.128388
